diamond 8 17年05月02日20时24小时中央台近海海区预报
17   05   02    20    24    18
02001  119.7  38.7  0  57  180  3  1  1  57  180  3
02002  121.33  38.12  0  57  135  2  1  1  57  135  2
02003  123.27  38.62  0  57  135  2  1  1  57  135  2
02004  123.7  36.3  0  57  180  2  1  1  57  180  2
02005  123.5  33.7  0  57  135  2  1  1  57  135  2
02006  125.77  30.78  0  575  181  332  133  313  573  1801  333
02007  123.75  26.93  0  9  90  3  6  6  9  90  3
02008  119.48  24.07  0  7  45  1  10  10  7  45  1
02009  122.62  23.47  0  7  0  2  10  10  7  45  1
02010  121.42  20  0  7  45  2  10  8  8  135  2
02011  107.87  20  0  2  180  3  12  10  7  180  3
02012  110.17  20.12  0  1  135  1  15  10  7  135  1
02013  111.8  20  0  7  180  2  10  10  7  180  2
02014  117  20  0  7  180  1  10  10  7  180  1
02015  111.8  16.2  0  7  135  2  10  10  7  180  2
02016  117  16.2  0  7  135  1  10  10  7  135  1
02017  111.8  10  0  8  180  2  8  8  8  135  2
02018  117  10  0  575  181  332  133  313  573  1801  333
