diamond 8 17年05月02日20时24小时中央台远海海区预报
17   05   02    20    24    21
03001  135.3  41.1  0  2  223  422  122  152  12  2252  42
03002  131.9  37.8  0  1  135  3  15  15  1  135  2
03003  129.3  34.5  0  57  90  3  1  10  7  135  3
03004  136  31  0  8  90  3  8  3  10  90  4
03005  128  24  0  12  45  6  1  3  10  45  5
03006  137  25  0  11  135  5  2  1  12  135  5
03007  128  18  0  9  135  2  6  6  9  135  2
03008  137  18  0  9  90  3  6  6  9  90  3
03009  128  10  0  9  90  2  6  8  8  90  2
03010  137  10  0  8  90  2  8  8  8  90  2
03011  121.6  4.5  0  8  90  2  8  6  9  45  1
03012  135  2.5  0  9  90  2  6  3  10  90  2
03013  128  -6  0  11  90  3  2  3  10  135  3
03014  115  -10.4  0  9  135  2  6  6  9  135  2
03015  110  -4.8  0  9  180  2  6  3  10  90  1
03016  100  -6.5  0  9  135  2  6  6  9  135  2
03017  98.8  5.8  0  8  225  1  8  8  8  315  1
03018  106.2  3.4  0  8  180  1  8  6  9  270  1
03019  105.8  8  0  7  180  1  10  10  7  180  1
03020  101.8  9.3  0  7  180  2  10  8  8  180  2
03021  96.8  11.3  0  7  270  2  10  10  7  225  2
