diamond 8 15年01月04日8时24小时中央台沿岸海区预报
15   01   04    8    24    34
01001  120.87  40.23  0  0  0  2  10  10  1  180  2
01002  120.96  39.28  0  0  0  2  10  10  1  180  2
01003  121.42  38.66  0  0  0  2  10  10  1  180  2
01004  123.02  39  0  0  0  2  10  10  1  180  2
01005  119.9  39.5  0  0  90  1  10  10  0  999  1
01006  119.15  39  0  0  90  1  10  10  0  135  1
01007  118.12  38.55  0  0  90  1  10  10  1  135  1
01008  117.95  38.94  0  1  135  2  15  15  13  0  2
01009  119.57  37.91  0  1  0  3  12  11  1  180  3
01010  120.95  38.07  0  1  0  3  12  11  1  180  3
01011  122.2  37.98  0  1  0  3  12  11  1  180  3
01012  123.06  37.12  0  1  0  3  12  11  1  180  3
01013  121.24  36  0  1  0  3  12  11  1  180  3
01014  120.29  34.81  0  2  225  3  10  10  2  225  3
01015  121.26  33.57  0  2  225  3  10  10  2  225  3
01016  122.36  32.13  0  1  225  3  11  11  1  225  4
01017  122.8  31.27  0  0  270  1  10  10  0  135  1
01018  122.83  30.18  0  1  113  3  12  12  1  135  4
01019  122.4  28.8  0  1  135  3  12  10  2  135  3
01020  121.54  27.55  0  1  45  3  12  12  1  135  3
01021  120.56  26.4  0  0  45  2  15  14  1  180  2
01022  119.71  25.1  0  0  45  2  15  14  1  45  2
01023  118.31  23.89  0  0  45  2  15  12  2  45  2
01024  116.98  22.88  0  0  90  3  21  15  7  68  3
01025  115.63  22.31  0  0  90  3  21  16  7  68  3
01026  114  21.75  0  0  90  3  21  16  1  90  3
01027  112.47  21.31  0  0  90  3  21  16  1  90  3
01028  111.08  20.82  0  0  90  3  21  16  1  90  2
01029  109.56  20.66  0  0  135  3  21  16  1  113  3
01030  110.15  20.11  0  1  90  3  14  14  1  113  3
01031  108.27  19.29  0  1  90  3  14  14  1  113  3
01032  109.32  17.9  0  1  90  3  16  16  1  113  3
01033  110.97  19.02  0  1  90  3  14  14  1  113  3
01034  108.22  20.81  0  2  135  2  12  10  2  135  2
